0 5.599165
12500 3.696009
25000 0.392482
37500 3.445039
50000 3.968527
62500 2.586713
75000 6.082467
87500 9.27983
100000 7.16204
112500 3.575998
125000 9.229833
137500 6.956986
150000 18.717791
162500 26.750151
175000 18.826657
187500 27.841998
200000 19.743717
212500 4.324239
225000 8.375557
237500 3.689279
250000 2.015298
262500 1.710003
275000 0.778972
287500 3.061827
300000 1.109487
312500 1.255719
325000 2.136704
337500 1.434864
350000 1.064486
362500 5.967548
375000 3.584621
387500 1.754058
400000 6.22094
412500 12.808804
425000 2.28073
437500 4.668925
450000 7.759778
462500 0.941177
475000 2.306963
487500 9.257496
500000 5.508876
512500 3.923657
525000 4.218991
537500 3.844895
550000 1.478126
562500 2.644094
575000 1.473315
587500 3.904512
600000 2.189603
612500 2.230782
625000 2.387232
637500 2.514002
650000 4.856761
662500 0.79892
675000 2.470421
687500 2.093748
700000 3.720531
712500 2.215702
725000 0.492895
737500 2.808387
750000 2.16263
762500 1.420542
775000 1.90705
787500 1.324782
800000 3.549326
812500 2.351704
825000 1.70663
837500 0.739852
850000 2.510398
862500 0.130369
875000 3.001999
887500 4.57305
900000 1.511415
912500 2.930399
925000 1.313267
937500 2.173238
950000 4.185155
962500 2.030575
975000 1.953265
987500 1.573686
1000000 1.015336
1012500 1.211864
1025000 1.535025
1037500 1.551752
1050000 2.453717
1062500 0.359944
1075000 0.366138
1087500 1.302834
1100000 0.693694
1112500 0.79259
1125000 0.761874
1137500 0.780107
1150000 1.923216
1162500 4.312142
1175000 0.618678
1187500 2.115697
1200000 3.327139
1212500 2.207234
1225000 1.831191
1237500 0.898151
1250000 1.658898
1262500 0.665196
1275000 2.071642
1287500 0.451898
1300000 1.795211
1312500 3.225458
1325000 0.595172
1337500 0.575341
1350000 0.933008
1362500 0.502445
1375000 0.272891
1387500 0.471364
1400000 1.182186
1412500 0.321711
1425000 1.248026
1437500 1.296923
1450000 0.828791
1462500 1.669031
1475000 0.549959
1487500 0.242002
1500000 0.388198
1512500 0.049029
1525000 0.23713
1537500 0.274573
1550000 0.24099
1562500 0.279728
1575000 0.211873
1587500 0.379785
1600000 0.368515
-1587500 0.384295
-1575000 0.165622
-1562500 0.358724
-1550000 0.389931
-1537500 0.630898
-1525000 0.572302
-1512500 0.787612
-1500000 0.50678
-1487500 0.820309
-1475000 0.072841
-1462500 0.523698
-1450000 1.145136
-1437500 0.676217
-1425000 0.601076
-1412500 0.129906
-1400000 0.396794
-1387500 0.043153
-1375000 0.050836
-1362500 0.671555
-1350000 0.280308
-1337500 1.436836
-1325000 1.061622
-1312500 1.423217
-1300000 0.968018
-1287500 3.756877
-1275000 2.178991
-1262500 2.749665
-1250000 1.578617
-1237500 1.790751
-1225000 0.558229
-1212500 1.324045
-1200000 0.409818
-1187500 0.352056
-1175000 1.631032
-1162500 1.370331
-1150000 1.87625
-1137500 1.482557
-1125000 2.411247
-1112500 1.038389
-1100000 3.205779
-1087500 0.199264
-1075000 2.595513
-1062500 2.481543
-1050000 4.610925
-1037500 3.404942
-1025000 1.607276
-1012500 6.77781
-1000000 1.234337
-987500 1.8207
-975000 0.942259
-962500 2.101796
-950000 1.106564
-937500 1.035666
-925000 1.896824
-912500 2.200409
-900000 3.10323
-887500 0.372408
-875000 3.530208
-862500 0.559848
-850000 20.043922
-837500 29.683959
-825000 9.650966
-812500 23.422345
-800000 19.723097
-787500 8.222651
-775000 6.235499
-762500 3.22424
-750000 2.507908
-737500 3.136805
-725000 1.846949
-712500 1.749847
-700000 1.975411
-687500 2.71033
-675000 2.716129
-662500 1.449046
-650000 1.769991
-637500 2.555619
-625000 2.240453
-612500 0.503792
-600000 7.65124
-587500 15.912431
-575000 12.474973
-562500 26.831415
-550000 15.922107
-537500 8.975431
-525000 10.844979
-512500 3.646361
-500000 3.589405
-487500 3.208783
-475000 1.848975
-462500 0.878603
-450000 1.25186
-437500 3.031645
-425000 1.439636
-412500 2.133867
-400000 3.420319
-387500 3.12893
-375000 2.830245
-362500 0.998647
-350000 2.975374
-337500 3.016473
-325000 2.870459
-312500 2.826654
-300000 4.7805
-287500 2.98079
-275000 3.020909
-262500 0.59685
-250000 1.881381
-237500 1.708883
-225000 1.173381
-212500 0.599078
-200000 3.811035
-187500 3.373603
-175000 3.543832
-162500 3.528973
-150000 2.153962
-137500 4.851087
-125000 4.194047
-112500 7.614856
-100000 10.207018
-87500 3.222239
-75000 10.804994
-62500 5.626829
-50000 6.436873
-37500 3.150251
-25000 2.456298
-12500 3.165935
