12500 2.194014
25000 5.029756
37500 4.471205
50000 2.251439
62500 3.587896
75000 4.323701
87500 3.265277
100000 3.789996
112500 3.497672
125000 2.842714
137500 2.029995
150000 2.52837
162500 1.390866
175000 2.119134
187500 1.660597
200000 2.058507
212500 0.382745
225000 1.095872
237500 3.328389
250000 0.940225
262500 3.31547
275000 1.67982
287500 1.608455
300000 2.389107
312500 0.925903
325000 2.001832
337500 2.616909
350000 0.645986
362500 2.501624
375000 1.561122
387500 1.693239
400000 1.031944
412500 2.65068
425000 2.086105
437500 3.788718
450000 5.53358
462500 6.171681
475000 16.363502
487500 7.260779
500000 7.976987
512500 0.825628
525000 0.735399
537500 4.541247
550000 2.847437
562500 3.47032
575000 1.72518
587500 1.700239
600000 2.505454
612500 0.333346
625000 2.107287
637500 2.036551
650000 1.715165
662500 3.098024
675000 2.446196
687500 2.978824
700000 2.222535
712500 2.318679
725000 2.89224
737500 4.337161
750000 1.648351
762500 0.950795
775000 1.819129
787500 2.371933
800000 2.275668
812500 1.409784
825000 2.011288
837500 1.551166
850000 3.096179
862500 2.660511
875000 7.584835
887500 2.33468
900000 12.726168
912500 68.042556
925000 8.247974
937500 10.06993
950000 9.28863
962500 6.846102
975000 5.099636
987500 5.006651
1000000 4.619005
1012500 2.622007
1025000 2.437003
1037500 1.935227
1050000 2.661989
1062500 2.732651
1075000 0.303062
1087500 0.50368
1100000 2.276509
1112500 1.140849
1125000 0.616018
1137500 2.300461
1150000 1.539218
1162500 1.815264
1175000 0.911206
1187500 1.42645
1200000 3.310032
1212500 1.580449
1225000 0.617548
1237500 1.692243
1250000 0.956104
1262500 2.300715
1275000 2.869199
1287500 1.859306
1300000 0.370486
1312500 1.453448
1325000 0.320809
1337500 1.198875
1350000 1.066819
1362500 0.285237
1375000 0.817079
1387500 0.351538
1400000 0.865422
1412500 0.418886
1425000 0.669471
1437500 0.674455
1450000 0.256923
1462500 1.195123
1475000 0.336615
1487500 0.55326
1500000 0.462106
1512500 0.185765
1525000 0.275084
1537500 0.273041
1550000 0.273818
1562500 0.44476
1575000 0.116342
1587500 0.041413
1600000 0.117357
-1587500 0.261642
-1575000 0.283712
-1562500 0.289321
-1550000 0.150677
-1537500 0.583189
-1525000 0.945454
-1512500 0.920414
-1500000 0.468586
-1487500 1.973358
-1475000 1.326815
-1462500 0.264786
-1450000 0.672754
-1437500 1.071438
-1425000 0.731823
-1412500 0.370118
-1400000 0.592814
-1387500 1.370417
-1375000 0.241615
-1362500 0.640438
-1350000 1.029364
-1337500 0.709413
-1325000 0.461496
-1312500 0.785457
-1300000 2.33251
-1287500 0.4543
-1275000 0.459131
-1262500 0.810609
-1250000 1.268979
-1237500 0.307776
-1225000 1.774506
-1212500 1.453543
-1200000 2.995678
-1187500 1.94787
-1175000 4.327389
-1162500 6.659063
-1150000 5.056673
-1137500 7.944086
-1125000 4.258472
-1112500 1.268807
-1100000 2.303076
-1087500 1.426834
-1075000 2.49554
-1062500 2.160556
-1050000 1.918299
-1037500 2.590959
-1025000 2.131568
-1012500 1.715741
-1000000 0.299625
-987500 0.844533
-975000 2.816662
-962500 11.344352
-950000 15.256941
-937500 15.496995
-925000 3.907261
-912500 2.877002
-900000 2.596141
-887500 1.337003
-875000 1.556966
-862500 1.277929
-850000 2.438474
-837500 4.902648
-825000 2.43284
-812500 0.904256
-800000 1.497826
-787500 0.829666
-775000 1.942074
-762500 1.131848
-750000 2.424351
-737500 5.442391
-725000 5.335599
-712500 5.53073
-700000 1.551424
-687500 1.054793
-675000 2.647452
-662500 1.634507
-650000 1.080585
-637500 2.290721
-625000 5.265352
-612500 1.203871
-600000 2.793542
-587500 4.341234
-575000 1.728159
-562500 0.788919
-550000 3.863931
-537500 1.636608
-525000 2.487929
-512500 4.465544
-500000 6.87921
-487500 9.059042
-475000 3.313385
-462500 1.290544
-450000 0.891571
-437500 3.269515
-425000 7.293865
-412500 2.169682
-400000 1.460559
-387500 3.294522
-375000 1.830723
-362500 1.271231
-350000 8.580326
-337500 5.219217
-325000 3.854495
-312500 2.532838
-300000 3.929462
-287500 2.895724
-275000 11.463767
-262500 6.084392
-250000 10.136908
-237500 9.382388
-225000 5.031435
-212500 5.464135
-200000 6.210175
-187500 2.355016
-175000 2.460324
-162500 5.418291
-150000 5.705251
-137500 8.707727
-125000 3.818883
-112500 1.583069
-100000 2.539676
-87500 2.824452
-75000 2.904297
-62500 2.871342
-50000 1.989938
-37500 1.793228
-25000 2.106449
-12500 0.736492
