0 15.546033
12500 26.203919
25000 23.464523
37500 10.46302
50000 2.152535
62500 4.760677
75000 0.603257
87500 1.200883
100000 0.637185
112500 1.013021
125000 0.561174
137500 0.576084
150000 0.649902
162500 0.504747
175000 0.4814
187500 0.40119
200000 0.619986
212500 0.623132
225000 0.540211
237500 0.417746
250000 0.333477
262500 0.383068
275000 0.381349
287500 0.358531
300000 0.350032
312500 0.311895
325000 0.336191
337500 0.327192
350000 0.293188
362500 0.298582
375000 0.294056
387500 0.277091
400000 0.266017
412500 0.256298
425000 0.25507
437500 0.243841
450000 0.237081
462500 0.230419
475000 0.227185
487500 0.223407
500000 0.217639
512500 0.211449
525000 0.208757
537500 0.20206
550000 0.198093
562500 0.194752
575000 0.190235
587500 0.186271
600000 0.183446
612500 0.18001
625000 0.177379
637500 0.173253
650000 0.17109
662500 0.168378
675000 0.165396
687500 0.163396
700000 0.160681
712500 0.158761
725000 0.156019
737500 0.154215
750000 0.151695
762500 0.149902
775000 0.147687
787500 0.146398
800000 0.144218
812500 0.142619
825000 0.141015
837500 0.139263
850000 0.137732
862500 0.136227
875000 0.134778
887500 0.133549
900000 0.132089
912500 0.130801
925000 0.129519
937500 0.128307
950000 0.127082
962500 0.126007
975000 0.124842
987500 0.123898
1000000 0.122784
1012500 0.121816
1025000 0.120755
1037500 0.119968
1050000 0.119118
1062500 0.118293
1075000 0.11744
1087500 0.116588
1100000 0.115873
1112500 0.115058
1125000 0.114372
1137500 0.113643
1150000 0.112976
1162500 0.11233
1175000 0.111741
1187500 0.111167
1200000 0.110584
1212500 0.110042
1225000 0.109495
1237500 0.109021
1250000 0.108539
1262500 0.108045
1275000 0.107624
1287500 0.107195
1300000 0.106826
1312500 0.106429
1325000 0.106053
1337500 0.105698
1350000 0.105374
1362500 0.105057
1375000 0.104758
1387500 0.104488
1400000 0.104232
1412500 0.103992
1425000 0.103753
1437500 0.103555
1450000 0.103357
1462500 0.103174
1475000 0.10302
1487500 0.102872
1500000 0.102751
1512500 0.102638
1525000 0.102548
1537500 0.102464
1550000 0.102406
1562500 0.102346
1575000 0.102308
1587500 0.10231
1600000 0.102283
-1587500 0.102292
-1575000 0.102323
-1562500 0.102372
-1550000 0.102428
-1537500 0.102503
-1525000 0.102578
-1512500 0.102699
-1500000 0.102806
-1487500 0.102941
-1475000 0.103102
-1462500 0.103299
-1450000 0.103397
-1437500 0.103661
-1425000 0.103825
-1412500 0.104041
-1400000 0.104349
-1387500 0.104619
-1375000 0.104878
-1362500 0.105194
-1350000 0.105517
-1337500 0.105856
-1325000 0.106204
-1312500 0.1066
-1300000 0.106941
-1287500 0.107407
-1275000 0.107837
-1262500 0.108331
-1250000 0.108793
-1237500 0.109209
-1225000 0.109835
-1212500 0.110269
-1200000 0.110797
-1187500 0.111443
-1175000 0.111839
-1162500 0.112605
-1150000 0.113276
-1137500 0.113997
-1125000 0.114608
-1112500 0.115412
-1100000 0.116152
-1087500 0.116906
-1075000 0.117693
-1062500 0.118451
-1050000 0.119428
-1037500 0.120229
-1025000 0.121434
-1012500 0.121347
-1000000 0.122995
-987500 0.123511
-975000 0.125392
-962500 0.12708
-950000 0.127982
-937500 0.129061
-925000 0.130246
-912500 0.13146
-900000 0.132857
-887500 0.134197
-875000 0.135414
-862500 0.136997
-850000 0.138517
-837500 0.140234
-825000 0.141607
-812500 0.143414
-800000 0.145289
-787500 0.147239
-775000 0.149108
-762500 0.15088
-750000 0.150385
-737500 0.154237
-725000 0.158584
-712500 0.16187
-700000 0.161991
-687500 0.16545
-675000 0.168525
-662500 0.169933
-650000 0.173023
-637500 0.175923
-625000 0.178919
-612500 0.181928
-600000 0.185673
-587500 0.189298
-575000 0.191916
-562500 0.19803
-550000 0.200494
-537500 0.204487
-525000 0.209116
-512500 0.215144
-500000 0.220024
-487500 0.224025
-475000 0.229242
-462500 0.231361
-450000 0.242226
-437500 0.247581
-425000 0.256666
-412500 0.261583
-400000 0.26798
-387500 0.278219
-375000 0.287855
-362500 0.299361
-350000 0.302571
-337500 0.305643
-325000 0.333968
-312500 0.335579
-300000 0.34699
-287500 0.352191
-275000 0.462767
-262500 0.406739
-250000 0.405559
-237500 0.394288
-225000 0.556261
-212500 0.579662
-200000 0.481013
-187500 0.636755
-175000 0.708783
-162500 0.385016
-150000 0.945628
-137500 0.973427
-125000 1.004365
-112500 0.301631
-100000 1.963855
-87500 2.41847
-75000 1.932798
-62500 3.56285
-50000 2.898703
-37500 10.466915
-25000 19.772879
-12500 8.278843
