0 2.843007
12500 0.666947
25000 1.271598
37500 1.19331
50000 1.427515
62500 0.271385
75000 0.344093
87500 0.587238
100000 0.835593
112500 0.678922
125000 3.319892
137500 1.221181
150000 1.705941
162500 0.926284
175000 0.315803
187500 0.519864
200000 0.266088
212500 0.174556
225000 0.205114
237500 0.123642
250000 0.116814
262500 0.129179
275000 0.092708
287500 0.087675
300000 0.107163
312500 0.070447
325000 0.086213
337500 0.084777
350000 0.080736
362500 0.072429
375000 0.072201
387500 0.073499
400000 0.072149
412500 0.07583
425000 0.066635
437500 0.066096
450000 0.062691
462500 0.062954
475000 0.062053
487500 0.059756
500000 0.058217
512500 0.056716
525000 0.056834
537500 0.056578
550000 0.053631
562500 0.053454
575000 0.052913
587500 0.052688
600000 0.048776
612500 0.048864
625000 0.049515
637500 0.04762
650000 0.045648
662500 0.046643
675000 0.045944
687500 0.044813
700000 0.043965
712500 0.043504
725000 0.042918
737500 0.04257
750000 0.041658
762500 0.041211
775000 0.04129
787500 0.040029
800000 0.039869
812500 0.038788
825000 0.038745
837500 0.038446
850000 0.038026
862500 0.038263
875000 0.037916
887500 0.038522
900000 0.036483
912500 0.03751
925000 0.036341
937500 0.036322
950000 0.035943
962500 0.03557
975000 0.035358
987500 0.035
1000000 0.034799
1012500 0.034547
1025000 0.034228
1037500 0.034089
1050000 0.033895
1062500 0.0336
1075000 0.033462
1087500 0.033286
1100000 0.033074
1112500 0.032876
1125000 0.032273
1137500 0.032376
1150000 0.032417
1162500 0.031992
1175000 0.031951
1187500 0.031673
1200000 0.031859
1212500 0.031607
1225000 0.031424
1237500 0.031405
1250000 0.031313
1262500 0.031158
1275000 0.031003
1287500 0.030889
1300000 0.030858
1312500 0.030718
1325000 0.030638
1337500 0.030554
1350000 0.030529
1362500 0.030521
1375000 0.030436
1387500 0.030333
1400000 0.030353
1412500 0.030225
1425000 0.030192
1437500 0.030181
1450000 0.030112
1462500 0.030065
1475000 0.030075
1487500 0.030047
1500000 0.030068
1512500 0.029978
1525000 0.030025
1537500 0.030033
1550000 0.030006
1562500 0.030066
1575000 0.030051
1587500 0.030121
1600000 0.030096
-1587500 0.030166
-1575000 0.030134
-1562500 0.0302
-1550000 0.030207
-1537500 0.030341
-1525000 0.030332
-1512500 0.030418
-1500000 0.030486
-1487500 0.03052
-1475000 0.030602
-1462500 0.030682
-1450000 0.030754
-1437500 0.030888
-1425000 0.030947
-1412500 0.031049
-1400000 0.031149
-1387500 0.031258
-1375000 0.031352
-1362500 0.031489
-1350000 0.031586
-1337500 0.031753
-1325000 0.031876
-1312500 0.032013
-1300000 0.032094
-1287500 0.032338
-1275000 0.032515
-1262500 0.032704
-1250000 0.032855
-1237500 0.033012
-1225000 0.033241
-1212500 0.033374
-1200000 0.0336
-1187500 0.033779
-1175000 0.03402
-1162500 0.034228
-1150000 0.034485
-1137500 0.034753
-1125000 0.034993
-1112500 0.035262
-1100000 0.035502
-1087500 0.035832
-1075000 0.036124
-1062500 0.036367
-1050000 0.036732
-1037500 0.037035
-1025000 0.037428
-1012500 0.037764
-1000000 0.038105
-987500 0.038464
-975000 0.038862
-962500 0.03925
-950000 0.039654
-937500 0.040102
-925000 0.040559
-912500 0.041029
-900000 0.041468
-887500 0.042007
-875000 0.042497
-862500 0.043014
-850000 0.043598
-837500 0.044155
-825000 0.044792
-812500 0.045422
-800000 0.04611
-787500 0.046781
-775000 0.047523
-762500 0.048204
-750000 0.04894
-737500 0.049912
-725000 0.050575
-712500 0.051432
-700000 0.052366
-687500 0.053393
-675000 0.054372
-662500 0.055435
-650000 0.05636
-637500 0.057722
-625000 0.058718
-612500 0.059994
-600000 0.061457
-587500 0.063382
-575000 0.063192
-562500 0.066052
-550000 0.066465
-537500 0.067732
-525000 0.07103
-512500 0.073072
-500000 0.0742
-487500 0.07691
-475000 0.079291
-462500 0.082142
-450000 0.084751
-437500 0.087908
-425000 0.088301
-412500 0.095888
-400000 0.099841
-387500 0.104854
-375000 0.109385
-362500 0.105328
-350000 0.125303
-337500 0.124212
-325000 0.118161
-312500 0.13977
-300000 0.111363
-287500 0.140553
-275000 0.164405
-262500 0.180074
-250000 0.172072
-237500 0.20906
-225000 0.225911
-212500 0.253697
-200000 0.282269
-187500 0.341837
-175000 0.395731
-162500 0.390279
-150000 0.409867
-137500 2.930338
-125000 4.545273
-112500 3.875015
-100000 2.567785
-87500 3.196085
-75000 1.924184
-62500 2.512342
-50000 1.582769
-37500 1.469431
-25000 1.471961
-12500 1.054629
